2.472590248780041
2.4725902501439228
2.4725910451346196
2.4753499154529135
2.4753499617364003
2.475350092889394
2.4753501039479784
2.47535027388711
2.4753502953024147
2.4783812642472323
2.478381268938005
2.4783822534143845
2.478382294691491
2.478382915626795
2.4783829393534673
2.4821628669039493
2.482162877813583
2.4821641004433044
2.4821641034656423
2.482164571436047
2.4821645786187627
2.48523709884648
2.485237102999143
2.4852389081002535
2.4852389351310973
2.4852396567901294
2.485239656808247
2.4866360704388106
2.4866361002768063
2.486639414847957
2.493403495094587
2.493403556395123
2.493403836322132
2.4934038796908506
2.493404384172846
2.4934044342765334
2.494932685656783
2.494932699205291
2.4949339974116773
2.494934018830854
2.494935041620153
2.4949350491438915
2.4971478286097826
2.4971478309613597
2.4971478507870826
2.4971478514959435
2.4971487128263377
2.497148727366437
2.4973256755978346
2.4973256950715332
2.497326107602353
2.4973261258077843
2.4973266977370145
2.4973267164797526
2.4975350035184327
2.49753502244595
2.4975363423129866
2.4975363494199923
2.49753855850977
2.4975385822270915
2.4975930251649556
2.4975930291077275
2.4975931801910773
2.497593211033399
2.497593585618649
2.4975936119290743
2.498451133484262
2.498451146559788
2.498453314763951
2.498453323415092
2.498453399127088
2.498453433839684
2.499009361932498
2.4990093860187534
2.4990098681283404
2.49900987624941
2.499012192993591
2.4990122153638983
2.4994329876852777
2.499433008578282
2.4994333942762887
2.499433446804193
2.4994337329499174
2.4994337363136006
2.4994337707780123
2.499433771382465
2.499433780359106
2.4994337973959
2.499434179303618
2.499434221676659
2.4996557951435037
2.499655849071008
2.499655850924828
2.4996558843969674
2.499656304762122
2.4996563551676814
2.4997685078346223
2.499768513950032
2.499769598651013
2.4997696156591163
2.499770613527108
2.4997706471625953
2.5006612941039634
2.5006613138784735
2.500661469078344
2.5006615143636464
2.5006620999141624
2.5006621229988495
2.5006622938073275
2.500662334802137
2.5006627047071834
2.50066273787416
2.5006627566436155
2.5006627730848194
2.501008376871567
2.501008384875262
2.5010097273063674
2.501213743547612
2.5012137651431128
2.5012138623539486
2.501213877828252
2.501215203203631
2.5012152081869616
2.5012980215843914
2.5012980277472554
2.5012991084155956
2.5012991290442095
2.501299536477809
2.5012995436274115
2.5015567867365363
2.501556819818572
2.50155682131254
2.5015568773315273
2.5015573489959855
2.5015573913466818
2.5019345946619427
2.50193460239443
2.501935984553207
2.501936009831937
2.5019378257627314
2.5019378420217553
2.502108344417766
2.502108406537311
2.5021087088999328
2.5021087486599365
2.5021091520064545
2.5021092110665015
2.503805821627049
2.503807282044677
2.5038072909923037
2.5045377678525953
2.504537774574488
2.5045382380286614
2.5045382404004735
2.504538934192792
2.504538938060775
2.5045677386028555
2.5045677837438034
2.504568018053261
2.5045680661321956
2.5045682674816603
2.504568342125573
2.5047049157965082
2.5047049549551432
2.5047055793422106
2.5047055965530496
2.5047070758732075
2.504707103751992
2.5050037395061353
2.505003743034592
2.5050047575408674
2.505004768810899
2.505006900988526
2.5050069241967723
2.5059502556144286
2.505953040563544
2.505953049857648
2.505967418039081
2.5059674592220413
2.505968678667744
2.5068546356722683
2.5068546374070264
2.506856154405916
2.5068561976451313
2.506856337678219
2.5068563596166205
2.5076121012917625
2.5076121384016883
2.507612718906142
2.5076127457307296
2.5076128671467313
2.50761288970527
2.507612965754928
2.5076129854979787
2.5076130016381244
2.507613026267312
2.507613438438711
2.507613469651405
2.5089924888889055
2.508992517079932
2.5089927609625957
2.5089927682107267
2.5089933259927664
2.508993371650129
2.5089935414657423
2.508993584230563
2.508993979493429
2.5089940037497307
2.508994014007648
2.508994028923521
2.509416680227926
2.509416695377534
2.5094175850424536
2.509417602392385
2.509417606483043
2.509417634623932
2.5100401188523196
2.510040128075154
2.5100406357246134
2.510040646926031
2.5100415519571015
2.5100415547375112
2.510376539188619
2.5103765888169667
2.5103765954306985
2.510376614692065
2.510377335117769
2.5103773826725586
2.511016266563082
2.5110162673163043
2.5110169325691167
2.5110169483568434
2.511017587434992
2.5110175916199613
2.5122376316021
2.512237664351164
2.5122378307770865
2.5122378338095963
2.512237875645038
2.5122378829313794
2.512237887111453
2.512237914507718
2.5122383411004496
2.51223838959452
2.5122385985003928
2.512238643686769
2.512828070553553
2.5128281115611375
2.5128282732986666
2.5128283024132467
2.5128283127633373
2.512828321927194
2.512828352554966
2.5128283607585917
2.5128288516803208
2.5128288860424495
2.5128290164693223
2.5128290756602354
2.512991218037022
2.512991223678192
2.5129929595628995
2.512992961868206
2.5129944715554235
2.512994476476067
2.5130424627905636
2.5130425216711747
2.513042944005089
2.5130429955619458
2.513043182137672
2.5130432411118098
2.513288879954958
2.5132889465189794
2.5132893278461164
2.5132893715763767
2.513289565364975
2.5132896426180467
2.513470921758269
2.5134709223606815
2.5134738038788202
2.513473804038063
2.5134738786046578
2.513473879703098
2.513740456330707
2.513740489422168
2.513741927163567
2.513741936522708
2.513743063494882
2.513743083995309
2.5138637860849076
2.5138637941585626
2.5138642522320733
2.513864269325784
2.5138649743347923
2.51386500470824
2.513914095161772
2.513914111485636
2.5139141175190494
2.513914138039413
2.5139145255500335
2.5139145478475573
2.514865394517833
2.5148653992508048
2.5148656187854517
2.514865645668555
2.514866252535266
2.5148662743069137
2.515153272820536
2.5151532913336703
2.5151532944444557
2.515153302922392
2.5151552193883306
2.5151552210897283
2.515496801386587
2.5154968432793883
2.5154978677736306
2.5154978864973527
2.515498044283062
2.515498074798715
2.515575238755006
2.5155752424509923
2.5155757285096176
2.515575740269411
2.5155757843328295
2.5155758039691167
2.5157263299231625
2.515726351898418
2.5157271941217245
2.515727216036753
2.515727303908437
2.51572730996746
2.5163563734246908
2.516356393953809
2.516356710886246
2.5163567261617885
2.5163567959635493
2.5163568401109306
2.516581808099545
2.5165818083803178
2.5165828554812575
2.5165828657323486
2.5165829464052063
2.5165829666297825
2.516586747484813
2.516586777510871
2.516587401319406
2.5165874095031775
2.5165877920683997
2.5165878141038958
2.5168390058237176
2.516839016931007
2.516839053246104
2.516839067449101
2.5168396238797266
2.5168396776647013
2.5168785153301596
2.5168785239351004
2.5168808377292877
2.516880861955605
2.5168810160135973
2.51688101767514
2.5175258641707936
2.517525876515831
2.5175269070388717
2.517526907049752
2.517528787936476
2.5175288005284986
2.517655685134602
2.5176556980132383
2.51765816942495
2.517859582663684
2.5178595917390827
2.517861493147552
2.5178615205041295
2.517862116091562
2.5178621171249453
2.518368184364232
2.5183681863240714
2.518368869594895
2.518368905692048
2.518371427262728
2.5183714403034148
2.5187061427875284
2.5187061489200677
2.5187061750169337
2.5187061871384713
2.5187070468153214
2.5187070584937414
2.519419547593468
2.5194195565582156
2.519421962655269
2.519421969797618
2.519421976206651
2.519421976386351
2.519606993783629
2.5196090267090665
2.5196090321326885
2.5197273873451924
2.519727388865628
2.5197289142959716
2.5197289353549563
2.519730949661616
2.5197309723404233
2.519935482422759
2.519935498296148
2.519937244010842
2.5199372471814985
2.5199386160119386
2.5199386375990076
2.520171465473012
2.520171482954826
2.5201724377255297
2.5201724388957283
2.5201734672812015
2.5201734970775695
2.5204138207810245
2.5204138346935014
2.520416713404277
2.5204167301946803
2.52041678347969
2.5204167909074524
2.52104173021997
2.5210417493736923
2.5210438782149414
2.5210438892584572
2.5210454027478653
2.5210454191479665
2.5216150053828406
2.521615009056581
2.521615516823617
2.5216155540568765
2.521616333798073
2.5216163715691082
2.5219047506485404
2.521904759540656
2.5219047754591903
2.5219047933747523
2.521905361780815
2.521905383724035
2.522452190020571
2.5224522070314728
2.522452488533125
2.5224525026947116
2.522454536392638
2.5224545452572134
2.5227816800546625
2.5227816877224534
2.522781774259276
2.5227817784208835
2.522782305211
2.522782326799349
2.523694356900165
2.5236943681188744
2.5236952917320092
2.5236953109600004
2.523695888561789
2.5236959161167203
2.5238998542964297
2.523899867578473
2.523900053318366
2.5239000682621584
2.5239019075749414
2.5239019096997755
2.5241216505237536
2.52412166376294
2.524122426779089
2.5241224359241836
2.5241241782817694
2.5241241902091396
2.524428682821443
2.524428741409499
2.524429491855133
2.5244295291839114
2.524429877400684
2.5244299316242618
2.5254357462382346
2.5254357496317477
2.525437045552162
2.525437086358716
2.5254392311787446
2.525439251549656
2.5255341588803475
2.525534201455459
2.5255352046978974
2.52553522699057
2.5255364869308004
2.5255365007310666
2.525853618900516
2.5258536391928974
2.5258543116107193
2.5258543224393804
2.525854704714026
2.5258547250891454
2.526305856771039
2.5263058609430113
2.5263082955202227
2.5263082957879126
2.5263083214106943
2.5263083245854814
2.526485944453105
2.526485982260839
2.5264862173142024
2.526486225232326
2.5264869285403306
2.5264869731044497
2.526696931339211
2.5266969365468044
2.526698221589319
2.526698244299455
2.5266986430009433
2.5266986609192386
2.527006032054561
2.527006061842817
2.527006296893929
2.527006322916182
2.5270064575590108
2.5270065134335216
2.5280586760994432
2.528058685459592
2.528059420847331
2.5280594433867023
2.528059867292964
2.528059882505505
2.528064503243655
2.5280645147096195
2.5280655085478987
2.528065511388514
2.5280668111478426
2.528066813342397
2.5280950767118093
2.5280950861590883
2.528097384783815
2.5280974051392433
2.5280976300601106
2.528097660118544
2.5280981640147724
2.5280981662912643
2.5280988611165696
2.528098866926705
2.5281004153249915
2.528100428032467
2.5282714402789503
2.5282714464280938
2.52827145497273
2.5282714608438064
2.5282723152746507
2.5282723337805986
2.528764074642664
2.528764077335657
2.528765478219331
2.5287654785950524
2.5287655775934303
2.5287655800038302
2.530799252656441
2.530799269577109
2.5308006853779714
2.5308006976711384
2.5308014254014126
2.530801428130013
2.531570648437693
2.5315706891881726
2.5315707358532697
2.531570739471873
2.5315712654654976
2.5315712766121288
2.5320290771999985
2.5320291021353984
2.5320306542911064
2.5320306782091153
2.5320311666583932
2.532031218882669
2.532046676552902
2.5320467334988206
2.532048070764086
2.532048123438124
2.532048172555805
2.532048215360557
2.5321421783645666
2.5321421841031273
2.532143503863711
2.532143513535246
2.5321442411634307
2.5321442689112295
2.5326389641101623
2.5326389836794245
2.5326390118221576
2.532639029053939
2.5326397277540527
2.532639735045504
2.5330939244834516
2.533093937350695
2.5330960550570034
2.5330960579477577
2.533096137948607
2.5330961713021836
2.533312301668095
2.533312307565482
2.53331235518373
2.533312365428481
2.5333125692347345
2.5333125847495497
2.5336803633961265
2.5336803855205354
2.533680470384663
2.533680472015784
2.533681218017636
2.533681227346878
2.533751915885818
2.5337520039999677
2.533752023192361
2.5346229427980678
2.5346229740589634
2.5346244008517744
2.5346244131073106
2.5346244318933593
2.5346244507940145
2.5351017108365097
2.5351017426396663
2.5351022619497523
2.5351022822022498
2.5351022923943254
2.5351023119940104
2.5352780131679515
2.5352780478532924
2.5352787716270564
2.5352787846290563
2.535279187350501
2.5352792099659633
2.5378226893202678
2.5378226909560118
2.5378227158817146
2.537822740465993
2.5378236726535657
2.537823683597606
2.5379829220124868
2.5379829408420056
2.5379830996463744
2.5390839978795006
2.5390840275352042
2.539085334318565
2.539085358305402
2.5390858209546625
2.539085857501094
2.539550377066831
2.5395503874289993
2.539550545388908
2.5395505671524736
2.5395510291650596
2.5395510615297834
2.5398277929655144
2.5398277961116005
2.5398281523987163
2.5398282074531346
2.5398287131343245
2.539828728000926
2.5403130585608342
2.54031306823947
2.5403153866853394
2.540315417405765
2.540315670055058
2.5403156708329715
2.540445602678834
2.5404456125219337
2.540445996668107
2.540446009803225
2.5404468417037305
2.5404468592472673
2.5405713753988857
2.5405713763856133
2.5405727254102346
2.5405727333643737
2.540574481963016
2.540574503435378
2.54062060567856
2.5406206236078774
2.540621004330031
2.540621012941892
2.5406217817072556
2.540621812794593
2.5406292772191708
2.540629301867985
2.5406305273078202
2.5406305351251666
2.540631199043297
2.5406312385994823
2.5416914713485106
2.5416914875676415
2.5416936344879257
2.5419435369824463
2.5419435388972187
2.541943660315507
2.5419436618917666
2.541944653855311
2.5419446656123488
2.543162815548307
2.5431628379617695
2.543163699454523
2.5431637390080315
2.54316417416187
2.5431641902634667
2.5434035333790312
2.5434067567062044
2.5434067684295534
2.5437679337406984
2.543767947577476
2.5437682041576988
2.5437682074587222
2.5437690292757495
2.543769035122439
2.5443622401023194
2.5443622676264352
2.5443628418896407
2.544362850720013
2.544362932250944
2.544362944069087
2.544537215252847
2.544537224603266
2.5445372309862617
2.544537238261953
2.544538006866654
2.5445380158622997
2.54453802489685
2.5445380454887516
2.5445380460922977
2.5445380502524153
2.544538050868433
2.544538084528164
2.5445423288096025
2.54454327861719
2.5445433172909557
2.5448113672235966
2.5448113751441235
2.5448125232130243
2.5448125233281287
2.54481299959976
2.544813014415331
2.545477506447783
2.545477519629339
2.5454784183034653
2.5454784356587847
2.5454791750545556
2.54547918176793
2.54552322048715
2.545523244259375
2.5455234957161537
2.5455235145752475
2.545523978414151
2.5455240212945838
2.5458319211215414
2.5458319291823113
2.5458330567668193
2.5458331085722885
2.545835101417774
2.5458351424474794
2.545886831186478
2.5458868428162953
2.5458881019565207
2.5458881217799023
2.545889923029279
2.5458899520049427
2.546609934470092
2.546609966711982
2.546610513772804
2.5466105182714185
2.5466120306733724
2.5466120592182384
2.5467970336209174
2.5467970354826606
2.546797173473705
2.546797212571655
2.5467980410257316
2.5467980467524205
2.546948516889903
2.5469485296913668
2.546949507720664
2.546949508008849
2.546949520339125
2.5469495580189445
2.5477792335259566
2.547779244322634
2.547779458282192
2.547779474530537
2.547780137916034
2.5477801690416264
2.5478200411482965
2.5478200575811902
2.54782008762304
2.547820111922022
2.547820388578602
2.547820416284145
2.5478204584312825
2.547820463786509
2.547821083784689
2.5478210871889915
2.5478211123625285
2.547821113841814
2.5483725430005455
2.5483725531887957
2.5483725887300337
2.548372618556223
2.5483754982845364
2.54837550614837
2.5491060640138663
2.5491060678112625
2.5491068545045827
2.5491068683840976
2.549107556940737
2.5491075747742706
2.549282952927609
2.5492829593680835
2.549284609975299
2.5492846366927187
2.5492849298084206
2.549284942824034
2.5494769797672645
2.5494769884731374
2.549477257204296
2.549477263318624
2.549478952130149
2.549478960071527
2.549501588731822
2.5495016170328584
2.5495027061004576
2.549502724596199
2.5495029774943316
2.549502991018161
2.551342467766394
2.5513424961884477
2.551342914902851
2.5513429549483644
2.5513431962428212
2.551343212035259
2.5517855911139553
2.5517856073763396
2.551787208519441
2.5517872162344353
2.551788065441286
2.551788069112054
2.553145878598842
2.553145893675345
2.553146653820215
2.553146688925752
2.553147231113349
2.553147250588013
2.5538240821855864
2.5538240903728244
2.5538252807381787
2.553825309612317
2.5538270319237766
2.5538270568964276
2.5547160762357772
2.554716089875697
2.554716707817916
2.5547167255828063
2.5547168521489705
2.554716863098946
2.554810026093682
2.554810044186826
2.554810111452708
2.554810119111369
2.5548112596032926
2.5548113145397755
2.555757479779362
2.5557574865237562
2.5557576691874546
2.555757673207254
2.555758244553068
2.5557582490229658
2.55581932253848
2.555819331799986
2.555819996175565
2.555820020658204
2.5558214391750296
2.5558214488557724
2.556179328845115
2.556179367762659
2.5561795446981543
2.5561795773543543
2.5561799483801546
2.556179968464751
2.5561799848757047
2.5561799965987673
2.5561800876137784
2.5561801349327444
2.5561802856881006
2.556180339707043
2.5562656563181076
2.556265672183375
2.556266188837655
2.5562662015568467
2.5562664537384494
2.5562664639202524
2.5565537192174532
2.556553764309984
2.5565539661599854
2.5565539678236546
2.556553970253547
2.5565540098966757
2.556554117097767
2.556554139124911
2.5565547855469744
2.556554822457665
2.5565548861132177
2.556554893924381
2.5568845247735426
2.5568845351093366
2.5568848596891947
2.5568848799317796
2.556887360536632
2.556887375931389
2.5569598245072274
2.556959832197168
2.556959925828038
2.5569599447727303
2.556960327765774
2.556960346093797
2.557362772820274
2.5573627858286363
2.557364904472317
2.5573649098268905
2.5573656093678854
2.557365621584265
2.557645972320937
2.557645982030146
2.557646607948403
2.5576466091307783
2.557647181276524
2.5576472104105834
2.5587706114058815
2.5587706215293142
2.5587714882745636
2.5587714962472057
2.558771783060106
2.5587717855097973
2.5595370478078143
2.559537066730324
2.5595373446622354
2.5595373618564596
2.559537794555211
2.5595378294803353
2.56100956245783
2.561009564371321
2.561009784350614
2.5610097902537405
2.561010854623437
2.561010857809907
2.5614242591192466
2.5614242630215442
2.561424897676345
2.5614249286886395
2.5614271587155106
2.561427167252285
2.56186217917192
2.5618621797689234
2.5618637726461277
2.5618638103435893
2.5618651943447843
2.561865212903602
2.561890562226406
2.561890575156451
2.5618905764028734
2.561890613641848
2.561893542588469
2.5618935427716196
2.5621511360967966
2.5621511760614135
2.562152568681813
2.562152587595828
2.5621539499691437
2.562153975227046
2.5633413153912556
2.5633413308793656
2.5633427791404313
2.5633428191454075
2.5633443976211696
2.5633443978792796
2.5637265642086886
2.5637265883202853
2.56372720450277
2.5637272108518423
2.5637272434484237
2.5637272485422877
2.5639000317930862
2.563900047389047
2.5639008661744467
2.563900882424534
2.5639024648736517
2.5639024824742758
2.5641447478712425
2.5641447741394723
2.5641451813982696
2.564145220539343
2.5641457030679544
2.5641457231184686
2.5647069539184235
2.564706974841598
2.5647079659361425
2.5647079672166573
2.5647081988474842
2.5647081999494206
2.5648653366473924
2.564865339739979
2.564865925790933
2.5648659350799043
2.5648662399195326
2.564866264211849
2.566102664992977
2.5661027126624445
2.5661029208781208
2.5661029598224276
2.566103567628607
2.566103623415303
2.566745165361302
2.566745168207151
2.566746174354696
2.5667461746559104
2.566746581270445
2.5667465821996007
2.56698700870325
2.566987018546399
2.566989066866431
2.566989083052384
2.5669902836752283
2.5669903025129104
2.5677271617121256
2.5677271861159476
2.5677279438640266
2.5677279486922915
2.5677282997047604
2.5677283097659718
2.5679140801719806
2.5679140968700636
2.567914598277875
2.567914614668141
2.5679150928526986
2.5679151187531892
2.5679151748126716
2.5679151994219502
2.5679156155596616
2.567915616271632
2.5679160635296086
2.5679160750049355
2.568047927498499
2.568047935220766
2.568048848500238
2.56804888381263
2.5680498484222767
2.5680498647810506
2.56854187638605
2.5685418829622115
2.568542089148588
2.568542104576729
2.568542603507882
2.5685426202542474
2.569284408572092
2.5692844099926373
2.569286179915919
2.569286193269034
2.569286994161427
2.5692870319135377
2.569762966313244
2.569762977237566
2.569763973554291
2.569763984236554
2.5697655232482908
2.569765556525603
2.570074580090637
2.5700745876160775
2.5700750180473757
2.5700750215660113
2.570075756117397
2.570075760103496
2.570286092136391
2.5702861073782985
2.5702862251009404
2.5702862446710486
2.570287142873092
2.570287150283121
2.570736636880136
2.5707366385779564
2.570737784770225
2.5707377903755306
2.5707388750899747
2.5707388777644384
2.5712631057744653
2.5712631444624634
2.571263276006833
2.5712633111641114
2.5712634193636927
2.571263451198259
2.5712636173456964
2.571263638926555
2.5712642021365903
2.5712642288407173
2.5712642363375124
2.5712642783079933
2.571774388459707
2.571774432076286
2.5717745799995018
2.5717746118853304
2.571775007377795
2.5717750091645724
2.5717750354162603
2.5717750416887895
2.571775104666132
2.5717751576906536
2.5717753027561057
2.571775323430553
2.5721942217644305
2.5721942747762077
2.572195833046146
2.5721958562621814
2.572196615316034
2.572196650091312
2.5735210330651177
2.5735210476677577
2.5735219396012705
2.573521960432636
2.573525029225708
2.5735250446006708
2.5740016348471153
2.5740016427401744
2.574003432378722
2.57400344971414
2.5740044982498724
2.5740045082306993
2.5742403295040313
2.57424036289885
2.57424152887212
2.5742415348061725
2.5742435437744042
2.574243549688739
2.5744062987656378
2.5744063113343842
2.574406634868965
2.574406649524133
2.5744073024120886
2.574407308205881
2.5744943167220065
2.574494331055562
2.5744953699846076
2.5744953999532743
2.5744966048052103
2.574496625237712
2.574813970396393
2.5748140375208393
2.5748142478721863
2.5748142963352256
2.5748157172676676
2.5748157689782234
2.5753934721321388
2.575393477223923
2.5753942334092748
2.5753942389065205
2.5753948487654186
2.5753948493438017
2.575583900526216
2.5755839061533434
2.575584046942833
2.5755840514968975
2.5755846068156933
2.5755846172438557
2.576057773593973
2.576057783820284
2.576059533164731
2.576059554781721
2.5760608477934306
2.576060874084273
2.5762854889518865
2.5762854928437564
2.5762877799562593
2.576287782918232
2.57628821850533
2.5762882349057032
2.576491162044268
2.5764911850291154
2.5764914462237924
2.5764914531714513
2.576491461464967
2.576491463301995
2.5765179727290626
2.576517977434115
2.5765194688893915
2.576519475285017
2.5765195437435535
2.576519559203275
2.5765489727638635
2.5765490006582783
2.5765493988287753
2.576549399051446
2.5765498402075133
2.576549871514832
2.576600239685538
2.5766002656043407
2.5766014562354655
2.576601494463041
2.576603300634517
2.5766033465559666
2.5776880089159673
2.5776880130166258
2.577689883805862
2.577689884705947
2.577690370190159
2.57769041010806
2.578142755762656
2.5781428020373096
2.5781428681740293
2.578142876470614
2.578144264833444
2.5781443095932817
2.578518188758199
2.57851822471232
2.578518743258334
2.5785188032804625
2.57851998267218
2.5785200129531836
2.578781198399508
2.5787812086813524
2.578781891948904
2.5787818928086303
2.578783435232653
2.578783456799093
2.5789218623958465
2.5789218709288084
2.5789232460280918
2.5789232656769667
2.5789248897410206
2.578924896641085
2.579020066306816
2.5790200700081742
2.579022650413424
2.5790226593792007
2.5790235214258113
2.579023532200945
2.5790257669436927
2.5790257912557943
2.57902709114035
2.5790271320191405
2.5790282480083184
2.5790282634181483
2.579607248122584
2.579607262730121
2.5796080050285655
2.5796080138468356
2.579608635399819
2.579608636259938
2.5799258232537285
2.5799258316611158
2.5799276825383353
2.579927691564184
2.579927791857489
2.579927798802154
2.58026457686788
2.580264602039077
2.5802652542528444
2.5802652710409055
2.580265496492749
2.5802655139460677
2.580266091826794
2.580266100122682
2.580266176843584
2.5802662007663786
2.5802662901857865
2.580266303631724
2.5806397237193828
2.5806397282855333
2.5806405804581
2.580640585570723
2.580641013532314
2.5806410202253867
2.580713782698511
2.580713798455292
2.580714132712261
2.5807141439653227
2.5807144967435334
2.5807145129015603
2.580714548754732
2.5807145723797245
2.580715168201533
2.5807151949968157
2.580715568225459
2.5807155764160377
2.5807963417778983
2.580796355750458
2.580798471778781
2.5807984885483424
2.5807999247129
2.5807999322438357
2.580807120756049
2.580807155138389
2.5808088044749833
2.580808849333054
2.5808095080397697
2.580809525358096
2.5811567505127484
2.581156754327061
2.581156995921331
2.581157017222636
2.581157169607015
2.5811571771520807
2.5818369210847165
2.58183693409505
2.5818370698937714
2.5818370814222336
2.581837946595333
2.581837957372315
2.582124450214988
2.5821244561267687
2.582125168668161
2.582125204259818
2.582126405832118
2.5821264401422512
2.5821475453085774
2.582147578561687
2.5821487302521007
2.582148743182306
2.5821510411768953
2.5821510568935704
2.582207711725826
2.582207728596749
2.5822084978035744
2.5822085131957215
2.582210313859444
2.5822103249358226
2.5823264368049914
2.5823264508734676
2.582327768524415
2.5823277804816485
2.5823280361849075
2.5823280363055265
2.582401607397555
2.582401629949351
2.582401969027815
2.582402008333556
2.5824027049082776
2.5824027207427505
2.5824117050247373
2.5824117312153385
2.582412625654597
2.5824126328610593
2.582413335319423
2.5824133751406664
2.5829678587533125
2.582967886220533
2.582969727912178
2.582969750230223
2.5829705985851126
2.582970633029976
2.58316693092819
2.583166953881445
2.5831673613856023
2.583167401195403
2.583167692967399
2.5831676959286547
2.5836412894725487
2.5836413139195877
2.5836422004205635
2.583642230337606
2.583642497657613
2.583642510764681
2.5836429117763737
2.583642947843025
2.583642979550103
2.5836430024965513
2.583643454198777
2.583643475932352
2.584473453465788
2.584473477606404
2.5844740970669107
2.5844741005963057
2.5844747910850816
2.5844748140494787
2.584515991512667
2.584515999576167
2.5845163080816174
2.584516349308833
2.584517216253296
2.5845172485303904
2.5846172969345873
2.5846173006204567
2.584617587966036
2.584617590439129
2.5846177227298455
2.5846177382179203
2.584803149283007
2.584803161368569
2.5848039748644993
2.58480400165175
2.584804414135824
2.5848044401709087
2.5850940485513663
2.5850940546590806
2.585095457499447
2.585095484177319
2.5850974962697135
2.5850975204743456
2.5854157730781546
2.5854158026738236
2.585417439127964
2.585417461972378
2.5854182908913477
2.585418304854275
2.5855419113788067
2.5855419323496363
2.585542091817464
2.585542093010308
2.5855422808570587
2.5855422929763336
2.585612853857588
2.585612875516504
2.585613361498994
2.5856133779912343
2.585614078075706
2.58561409765897
2.5856145785717595
2.585614626920334
2.5856149644582147
2.5856149986464705
2.585615020794751
2.5856150368682274
2.5867317239684375
2.5867317352248986
2.5867340180117613
2.586734022076131
2.586734439240516
2.5867344498373903
2.5868022423572943
2.5868022572214047
2.58680235401805
2.586802372941319
2.586805988951647
2.5868060131828226
2.5868347035391754
2.586834705145447
2.586835666338926
2.5868356976531337
2.586837963554798
2.5868379821445298
2.587014562677701
2.5870145801618585
2.5870160633374497
2.5870160744564044
2.587017145586647
2.587017170705254
2.587341823703323
2.587341833920422
2.58734225630468
2.5873422820615324
2.587342863590557
2.5873428934986973
2.587414529834647
2.5874145355084823
2.587415533417653
2.5874155747521823
2.5874164538163753
2.5874164780359457
2.587690790058652
2.587690827173451
2.587690869284662
2.5876908957939952
2.587691013229198
2.5876910680984535
2.588711753033285
2.588711789115702
2.588713843260505
2.5887139010693043
2.5887145324568426
2.588714552649575
2.5890744790983646
2.589074529557763
2.5890745489896374
2.589074578896486
2.589075917188904
2.5890759576983804
2.589181972440651
2.589181980320132
2.5891829685913597
2.5891829825010757
2.5891832705840847
2.5891832871387117
2.589183889354312
2.5891839203897793
2.5891839354265542
2.5891839576329905
2.5891842965568843
2.589184310675166
2.5895757271536106
2.589575750344022
2.5895778787796715
2.5895778885142096
2.589579681390904
2.5895797057120866
2.590550896061526
2.590550902331981
2.590551701198718
2.5905517170738954
2.590552108052445
2.5905521080600025
2.590564054434865
2.590564093969304
2.5905645270360513
2.590564533764021
2.590565306529276
2.590565349508276
2.5908413375463444
2.5908413792354965
2.590841637622385
2.590841660183759
2.5908427324964256
2.590842763125158
2.590942180658105
2.590942182357649
2.5909422099015074
2.5909422203989663
2.590942781984454
2.5909427865703107
2.590942802248805
2.5909428249997917
2.5909441676709313
2.5909441743424533
2.5909441752083824
2.590944187209555
2.5913970203687415
2.591397045684873
2.591399218285646
2.5913992212604304
2.5913995004620114
2.5913995112545787
2.59147214953671
2.591472168352083
2.5914746258572507
2.5914746306676912
2.5914755611070985
2.591475599387068
2.5917316947098943
2.5917316996365076
2.591734141394344
2.5917341602124973
2.5917353591974863
2.591735379247337
2.5921774925556953
2.5921774999225935
2.5921800090473543
2.5921800428508184
2.5921806923956647
2.5921807039278812
2.592892033591586
2.5928920527991566
2.592893511228567
2.5928935241177045
2.59289374339123
2.592893744512791
2.5929572068499454
2.5929572246845214
2.592958994534627
2.592959021899659
2.5929592888203925
2.5929593043409773
2.593461877340026
2.593461901211079
2.59346345978669
2.593463462598749
2.5934647040727623
2.593464711061601
2.593982472356062
2.593982482045661
2.5939827927510377
2.593982793178487
2.593983275706688
2.593983292905505
2.5941939159735843
2.5941939219116774
2.5941954613878404
2.59431521380422
2.594315214590265
2.5943152808376913
2.594315310117689
2.5943159575264234
2.5943159837927543
2.594316762627949
2.594316779498283
2.5943168358492326
2.5943168399169942
2.594316852541947
2.594316888496157
2.5943169052170894
2.5943169222605076
2.5943175299010153
2.594317543293084
2.594317598371429
2.594317599525456
2.5944122074911586
2.5944122367705327
2.5944122668826575
2.594412305065292
2.5944130038336475
2.5944130169700563
2.594583369269851
2.594583379354315
2.594584247959025
2.5945842548879017
2.5945843084712727
2.5945843224432776
2.5950685356504772
2.595068552064088
2.5950690875433495
2.5950690963171743
2.5950693402306735
2.5950693780047445
2.595482793281018
2.595482793418205
2.5954842566199106
2.595484259488286
2.595485024755087
2.59548504253647
2.595703094856995
2.595703110537711
2.5957033643243723
2.59570337555553
2.595703846975322
2.5957038721336367
2.5958924425472576
2.5958924537086987
2.595893913588639
2.595893921004796
2.5958943359317086
2.595894339060526
2.5958944802121855
2.5958944951247394
2.5958947460936073
2.595894779535574
2.5958955049688837
2.5958955335972673
2.5959055864821483
2.595905586524083
2.5959072204483564
2.5959072325575203
2.5959104363213292
2.59591044239718
2.596219797763482
2.596219829380899
2.596220023950621
2.5962200474888215
2.596220468496664
2.596220474208666
2.5963284679908383
2.5963284711367827
2.5963293539830374
2.5963293640361287
2.596329672509315
2.5963296798203888
2.5963871430210372
2.5963871892650543
2.596387205637253
2.596387208130615
2.5963885380187257
2.596388578897924
2.596790782418183
2.596790788031757
2.5967908030667424
2.5967908329948646
2.5967917436579597
2.596791751965319
2.5968909463946224
2.5968909768918627
2.5968917257096695
2.5968917552266095
2.596893060908307
2.596893095153955
2.596983024199897
2.5969830368471007
2.596984579372954
2.5969845838065493
2.596987165449093
2.596987180923797
2.597200341042949
2.5972003513847417
2.5972021584445986
2.5972021904853246
2.597203002783981
2.5972030059014592
2.597615315680267
2.597615324796187
2.597615368756258
2.597615397975586
2.597618142973429
2.597618149916437
2.5976403482010118
2.5976403579678724
2.597642338152497
2.5976423752680797
2.597642790344557
2.597642808213464
2.598061135053969
2.598061143711291
2.5980626795858575
2.598062681025765
2.598063236610049
2.598063241023997
2.598109067608661
2.598109068177314
2.5981101693672053
2.5981102038132957
2.598111493361204
2.5981115123913097
2.599378346829225
2.599378347127343
2.599379046695245
2.5993790557419394
2.5993799459207287
2.5993799773948867
2.599380114097605
2.599380138657905
2.5993801614718306
2.5993801657555022
2.5993806807244537
2.599380689292169
2.599404867980711
2.599404901532116
2.5994050948651015
2.599405123343793
2.5994075396561045
2.599407542534531
2.5995123844396115
2.5995123990979687
2.5995125863917923
2.5995126328139544
2.5995133596140807
2.5995133832817197
2.600227342701476
2.60022734961666
2.6002275540774624
2.6002275854815236
2.600229881434375
2.600229888615898
2.6007840494353838
2.600784069207601
2.6007862652558833
2.6007862795338554
2.6007875619792733
2.600787563628437
2.600957098805111
2.6009571019432203
2.6009576371838303
2.600957643530845
2.600958153530614
2.6009581778844657
2.600998044039437
2.600998069200296
2.6009983839997917
2.6009984291389525
2.600999282379597
2.6009992946912415
2.6010113008192515
2.6010113089323625
2.601012804060344
2.6010128209043244
2.6010132780663175
2.6010133161069726
2.6010916689899153
2.6010916939518043
2.601092922285093
2.6010929456347607
2.6010944982478152
2.6010945606331717
2.6014055892278685
2.6014056016637612
2.6014063896032558
2.6014064193294635
2.6014067523641473
2.601406773106585
2.6018295218832765
2.601829524284416
2.60183017284229
2.6018302042733703
2.601830465166539
2.6018304696637524
2.602123380313455
2.602123410645864
2.6021234199997285
2.602123445119533
2.602124636989708
2.602124675208283
2.6029654373320423
2.602965451178144
2.6029661748360153
2.6029661763103094
2.602966687800866
2.6029667114224107
2.6035224360303393
2.603522446684593
2.6035224826597085
2.603522518612428
2.603522544493568
2.603522553715721
2.6035487744987114
2.6035487971393665
2.6035495470110708
2.6035495708173246
2.60355114505103
2.603551169904447
2.60368830033461
2.603688318528223
2.6036895990148023
2.6036896145184265
2.603689746382251
2.6036897607719913
2.6036897690931147
2.6036897773769176
2.603689813231315
2.6036898168559435
2.6036910937189055
2.6036911194524253
2.6037664197242005
2.60376644849481
2.6037671509823794
2.603767151069671
2.6037687759708668
2.6037687825708336
2.6038203865299923
2.6038203906541795
2.6038206575449494
2.60382069077969
2.603821533140285
2.6038215406864986
2.6038218169500182
2.6038218309246215
2.6038222420889956
2.6038222614457456
2.603822282442148
2.60382229103654
2.604488161220857
2.6044881985180894
2.6044894096009705
2.6044894390332463
2.6044905713193516
2.604490606744321
2.6045061615650003
2.604506196361285
2.6045067453173054
2.604506757481712
2.604508490754306
2.6045084936922045
2.604590319921202
2.6045903404109843
2.6045918999651105
2.60459190492201
2.604592038062561
2.6045920522913244
2.604761703134306
2.6047617091366315
2.604763037403403
2.6047630709612557
2.6047638088719487
2.6047638355932676
2.6048448389843455
2.6048448612416046
2.604846250092282
2.6048462668219012
2.60484664478608
2.6048466763341196
2.6050984295986703
2.605098449904174
2.6050987452749563
2.605098770494452
2.6050994187914016
2.605099460762546
2.6053352242144663
2.6053352429858463
2.605335355626344
2.605335359091623
2.6053354484733036
2.6053354624101095
2.605368782518874
2.6053688217591113
2.6053688956698307
2.6053689282847587
2.6053696561453528
2.6053696953998977
2.605583556870304
2.6055835975998094
2.605584209562091
2.605584213208007
2.6055848505106916
2.60558488735671
2.605585509204625
2.605585516452684
2.605585883844245
2.605585885934689
2.605585901384171
2.6055859115471947
2.6055954378692343
2.6055954448894383
2.6055957967667416
2.6055958048214163
2.6055962560990804
2.605596269569598
2.605628643548219
2.6056286546021203
2.605629154878669
2.6056291721931664
2.605630959837292
2.605630981465764
2.6057225441417926
2.6057225492013973
2.6057226175855095
2.605722619760102
2.6057226884701437
2.6057226989510145
2.6058973914571886
2.605897402613461
2.605897576884408
2.605897602264364
2.605897940978536
2.6058979709676593
2.6059470568440752
2.6059470769694606
2.6059473344081665
2.6059473506165425
2.605948351092116
2.6059483746994974
2.6059732394163673
2.605973244075701
2.605975521149213
2.6059755418770703
2.605976543966729
2.6059765539365434
2.6064437971263072
2.6064438072216185
2.606445079290885
2.60644510353154
2.6064462317125594
2.6064462688698846
2.6067912545294085
2.6067912663252755
2.606791558501177
2.6067915912983257
2.606792574643797
2.6067925962346647
2.6075515963624634
2.6075516346627157
2.6075529292828477
2.6075529511150846
2.6075545258589865
2.6075545441395422
2.608185075523538
2.608185095731565
2.6081853203103385
2.608185359484882
2.6081854641524993
2.6081855087351666
2.6084384267367535
2.608438447047468
2.6084393324346458
2.6084393452131085
2.6084401474362937
2.608440174346516
2.6089378887924495
2.608937914936927
2.608938427984406
2.6089384416025094
2.6089387677609013
2.6089387887770092
2.608954235998242
2.6089542548179616
2.608955155022876
2.608955180535686
2.60895648456631
2.6089565293049657
2.6090898409510634
2.6090898733638443
2.6090908853739845
2.6090908855047195
2.609091895746713
2.60909191301319
2.6090919563951305
2.609091974045408
2.6090922292362513
2.609092230931165
2.6090926685395845
2.6090926735907316
2.6094332666092774
2.6094332818439776
2.6094334791196223
2.6094334945485818
2.6094337973661665
2.609433809900238
2.6099597524418088
2.609959768639081
2.6099597762501205
2.6099598154066683
2.6099599198133294
2.609959968382165
2.610090934381767
2.610090945959061
2.6100932484126917
2.610093273983684
2.6100943458680375
2.6100943489698847
2.6101510926206064
2.6101511145437657
2.610152487449772
2.610152530193935
2.6101536351185493
2.610153652223765
2.6106828692759843
2.6106828864738376
2.6106836150081003
2.610683620579688
2.6106845714283544
2.610684602563499
2.610709892758354
2.610709909753191
2.6107105779837765
2.610710585651101
2.6107137054690126
2.6107137094067214
2.6109418449806334
2.6109418733504097
2.61094198586569
2.6109420256583133
2.610942061628763
2.610942066692823
2.6110298921056754
2.611029927464616
2.6110317532753493
2.6110317686348794
2.611032626098202
2.6110326457466018
2.6113000565335978
2.6113000640830646
2.6113008309838697
2.6113008568104736
2.611301419151431
2.61130144030189
2.6113015650274782
2.611301574987888
2.6113015858053004
2.6113016101356106
2.611301621911229
2.6113016290458804
2.61130168285836
2.611301711538625
2.6113023403096656
2.6113023412453074
2.6113030898174525
2.611303110008646
2.611503474095791
2.611503491525806
2.611503899312309
2.6115038995433095
2.6115047971758774
2.6115048072469844
2.612021647552279
2.6120216690297378
2.61202318387543
2.6120232171506492
2.6120245546251355
2.612024594354319
2.6122254245165353
2.612225432655684
2.612225660714238
2.612225694258506
2.6122264406549753
2.6122264523474117
2.6124147969574496
2.6124148081093503
2.612414910318013
2.6124149251820254
2.6124155865803496
2.6124156040677122
2.6124160369704756
2.6124160377678973
2.6124161421477043
2.6124161452456605
2.61241614662447
2.6124161482412886
2.612416519419098
2.612416548744643
2.6124173295221307
2.6124173309794587
2.6124173415333267
2.612417346729426
2.613569612509351
2.6135696443380274
2.6135696564363515
2.613569667909867
2.6135710992611987
2.613571140417729
2.6136047081983005
2.6136047397105986
2.613606112810824
2.6136061129492996
2.6136063309658404
2.6136063427782474
2.6141631831095014
2.6141632197671822
2.614164492687918
2.614164520358809
2.6141657439159767
2.6141657720145264
2.614471053266682
2.6144710697323577
2.6144715536101746
2.614471576794783
2.6144720772670498
2.614472084705622
2.6148466711628813
2.6148467162735636
2.6148469616862298
2.6148469897249687
2.614847666880184
2.6148476909133516
2.615057537794097
2.6150575514816246
2.615057743241921
2.6150577465986875
2.6150584572471787
2.6150584841805706
2.6150948960230314
2.6150949104260435
2.615096485561725
2.615096489219379
2.615098002867393
2.6150980228489393
2.615596275787801
2.6155963051407123
2.6155980571651907
2.6155980649692947
2.6155981229493297
2.61559813042521
2.615842568071166
2.615842589665515
2.6158438849703556
2.6158438866995435
2.6158441715044405
2.615844186418126
2.616190613282125
2.6161906278121325
2.6161921977144345
2.6161922038739105
2.6161935811719297
2.6161935956252473
2.6162054940320574
2.6162054978641875
2.6162080186660814
2.6162080264423095
2.616208420098872
2.6162084213498127
2.6167851538349267
2.616785170278806
2.6167875773106495
2.6167875903605577
2.6167880933643484
2.616788106256772
2.617524647461227
2.6175246808481014
2.617526196231215
2.6175262123095204
2.617527085601218
2.617527138586925
2.6179962936358625
2.617996327464866
2.6179964108038503
2.6179964108883667
2.6179964240037177
2.617996436689776
2.6180968493979027
2.6180968562002356
2.618098479868202
2.6180984944875836
2.6180986079749102
2.6180986111472535
2.6182711500771503
2.618271173940473
2.6182713687731423
2.618271389156269
2.6182717750464213
2.618271775685916
2.6184584464870566
2.618458470745291
2.6184585000065868
2.618458524073752
2.6184597319551304
2.618459778169043
2.6185157499144194
2.6185157936851255
2.618517720359538
2.6185177341340724
2.6185197232719735
2.6185197294386877
2.6190602046763893
2.619060207706662
2.6190624195549117
2.6190624267020413
2.6190642573298937
2.6190642684446237
2.619551140269367
2.6195511559088054
2.6195511605997543
2.619551179941088
2.619552720051499
2.619552768336373
2.620527169981248
2.620527208518537
2.6205278909211085
2.620527913007218
2.6205286602200393
2.6205286758783397
2.620630841536679
2.6206308885846483
2.6206312773062184
2.620631297265637
2.620631642970896
2.6206316900435795
2.620631703095664
2.620631717895377
2.620632043680456
2.6206320767088704
2.620632498072616
2.620632521046239
2.6208709753967763
2.6208709909627497
2.6208717989991257
2.6209202958396176
2.6209202971201355
2.620920349631203
2.6209203817406608
2.6209221972620385
2.620922206212413
2.621344558468015
2.621344571812928
2.6213453368114807
2.621345347398306
2.621345412113615
2.6213454192164143
2.621767475749329
2.6217675073790874
2.621767825710676
2.6217678637921358
2.6217685764453873
2.6217685998484215
2.624201653195965
2.6242016547216824
2.6242019139380655
2.6242019231248834
2.6242024916769138
2.6242024952356604
2.624221640090145
2.6242216651288235
2.624222079617503
2.624222102776176
2.6242223519524694
2.6242223772149815
2.624222991169753
2.624223007543213
2.6242235701396197
2.6242235793399287
2.6242237450619164
2.6242237727063236
2.6243063233554125
2.624306324926762
2.624308754446693
2.6243087647719756
2.6243102489126704
2.6243102566676537
2.6248036870027325
2.6248037004905993
2.624805022548755
2.624805026306945
2.6248061630069968
2.6248061769912123
2.62493078333451
2.624930795864382
2.6249312736629595
2.624931286623648
2.624931788374629
2.6249318039800134
2.6249577623765323
2.6249577667608817
2.624958112261729
2.624958127436187
2.6249581956206627
2.624958200375326
2.6255610982345416
2.625561131545448
2.625561507978444
2.6255615259412854
2.6255632849620647
2.6255632938341407
2.625615745375405
2.6256157536718767
2.625617117825003
2.625617150295452
2.625618673841302
2.625618692184733
2.625923442465862
2.6259234651344854
2.6259253502890965
2.625925383463904
2.625927006533161
2.625927020293674
2.62616877242293
2.626168778995475
2.6261690472331494
2.6261690705835705
2.6261696626984943
2.6261696754900696
2.626296588611386
2.626296636991396
2.6262967866414915
2.626296800924809
2.6262978319105694
2.6262978578150684
2.62638991472969
2.6263899162161537
2.6263902151488145
2.6263902354846125
2.6263916373332696
2.626391646541741
2.626391870283456
2.626391912394272
2.626393018808233
2.626393040584604
2.626393088640523
2.6263930951870504
2.6270996359799508
2.627100943195369
2.627100953259796
2.6275624029499074
2.6275624057758113
2.627564063184236
2.627564074205524
2.627564845103206
2.6275648753216627
2.6284626088595173
2.6284626250290395
2.6284637962816126
2.6284638150740043
2.628463838022911
2.6284638461009675
2.628463921850562
2.6284639578691054
2.6284639895756827
2.6284639955996343
2.6284650707158823
2.6284650987309353
2.629912411488025
2.629912416325558
2.629912603500542
2.629912613887089
2.629912962872306
2.629912974146988
2.6300877688009354
2.630087784541257
2.6300881895322883
2.6300881936324174
2.6300884579705577
2.6300884630305927
2.630303453657016
2.630303476791827
2.6303037806836382
2.630303783091258
2.630304221116103
2.6303042452514993
2.63037951649263
2.6303795337137745
2.630379743022963
2.6303797833940172
2.6303829760377213
2.6303829788391715
2.630848007024364
2.630848049057158
2.630848357174565
2.6308484030108916
2.630849556402727
2.6308496133846027
2.631599333332623
2.6315993405754723
2.631600195161144
2.631600205991052
2.6316004720811224
2.631600476105164
2.631705580648555
2.6317055813489687
2.6317065507894477
2.631706552582828
2.6317068257683105
2.6317068328496647
2.6322438048670413
2.632243832152785
2.6322441006761266
2.6322441172468416
2.6322449545847
2.6322449627802085
2.6322452415936026
2.6322452520749353
2.63224571700619
2.632245721920545
2.6322457566079214
2.6322457600770055
2.632333853348242
2.6323338552450815
2.6323351869318428
2.6323352123393695
2.632336117599282
2.6323361251502146
2.6323446793985372
2.6323447048613065
2.6323449977003692
2.6323450310652694
2.632345774510268
2.6323458101847206
2.63263022041334
2.6326302638115884
2.632631605290127
2.632631606837165
2.632631854710273
2.632631896522719
2.6337410850565814
2.633741107368574
2.6337415300090226
2.633741530491348
2.6337419459362725
2.633741948500481
2.633952612615139
2.633952641603207
2.6339530117689294
2.6339530227550565
2.6339551291105336
2.6339551468810183
2.6347686861304793
2.634768702884562
2.6347703253027923
2.6347703286245023
2.634771186680653
2.6347711997225423
2.6351844288346475
2.635184444128004
2.635184620115078
2.6351846264807537
2.63518479533936
2.635184811518641
2.635258194514785
2.635258203657228
2.63525875520452
2.635258763842436
2.6352612515655487
2.635261270715193
2.6353848261298407
2.635384830309192
2.6353865692296132
2.6353865755164594
2.6353874788044567
2.635387494585308
2.6373481505292964
2.63734816890432
2.6373501623321647
2.6373501653035656
2.637352689010343
2.6373527019383474
2.638447250560987
2.6384472544110764
2.63844928339675
2.638449318758593
2.6384502036678774
2.6384502151116513
2.6388875697911653
2.638887588515095
2.6388880443293683
2.6388880510611634
2.6388881394325967
2.6388881587255777
2.640901717851577
2.6409017287410173
2.6409027836703984
2.6409027887333996
2.6409031527526903
2.640903180581529
2.6410998825623113
2.6410999264241615
2.6411000902614874
2.6411001103363003
2.641101059569269
2.6411010882112342
2.641849380882382
2.641849394269318
2.641850025126619
2.6418500280700163
2.6418512509928442
2.6418512575746376
2.643101586567566
2.6431016224966557
2.643101627073534
2.643101629069946
2.6431027138839145
2.643102762954711
2.644048100873885
2.6440481123264363
2.6440481211115854
2.644048129022608
2.644048592612048
2.644048618455893
2.6443505799418463
2.6443505828818417
2.6443520231259696
2.6443520641771827
2.6443532841636603
2.644353289377427
2.644499510932626
2.6444995317961433
2.644499655072518
2.6444996936803937
2.6445009230087573
2.644500957604127
2.6445011453673346
2.6445011475499522
2.64450193723882
2.6445019597270676
2.6445020025164485
2.6445020150826313
2.6454437955505665
2.645443818467175
2.6454449694130107
2.645444987475915
2.6454464963241153
2.6454464977917787
2.6464665548914117
2.646466575100592
2.646466767839784
2.64646679317245
2.6464674832940696
2.6464675144306504
2.6468474600353513
2.646847469697447
2.6468474771911406
2.6468474962111257
2.6468481670756363
2.646848172471141
2.6479678136076807
2.647967819996932
2.6479678476355115
2.6479678669722486
2.6479691962475247
2.6479692498771286
2.6480998835183014
2.64809990416159
2.6481003311805105
2.648100344092571
2.648100531018937
2.648100536110695
2.6484785305486542
2.6484785405427953
2.6484807165968256
2.6484807478989727
2.648481192635267
2.6484811971673627
2.6487537168369024
2.6487537258572957
2.6487553448043575
2.648755372644435
2.6487557266898407
2.6487557467207465
2.6490805004437346
2.6490805087819327
2.6490824867919005
2.6490825023842293
2.6490841128348674
2.6490841196014503
2.6495384438007736
2.649538449343987
2.6495396543330916
2.6495396748255526
2.6495401855600877
2.6495401864343466
2.6516901735370855
2.6516901890584776
2.651690192883005
2.6516902176183312
2.651691301644785
2.651691304940123
2.6516913346214
2.651691351763452
2.6516923572598903
2.651692366392113
2.6516923669539247
2.651692383735398
2.6528430604031614
2.6528430934338165
2.6528431898885163
2.6528432057490208
2.652844291952535
2.652844348445198
2.652844463316441
2.6528444798891324
2.65284579876923
2.6528458273129782
2.652845851624122
2.652845871216735
2.6530028016113985
2.6530028093353653
2.653003248614729
2.6530032636575065
2.6530039880680274
2.653004009118767
2.653694667491851
2.6536947039789514
2.6536949966416197
2.653695049066906
2.6536960929387803
2.6536961255209
2.654204589363441
2.6542056432572334
2.654205671656099
2.6542074802452937
2.654207486384755
2.6542082487517993
2.654940217939941
2.654940223942951
2.654940959358974
2.654940987812642
2.654943800894179
2.6549438009615196
2.6551072394594346
2.6551072481925253
2.6551087490074563
2.6551087571097103
2.6551095065940173
2.6551095182743034
2.6567749751102188
2.656775000344445
2.656776968329985
2.6567769920228503
2.65677739466411
2.6567774108060815
2.6569654106135894
2.6569654256768205
2.6569659609620215
2.6569659636443452
2.6569663421258816
2.656966362198888
2.6571781307120155
2.6571781658217613
2.657178178093161
2.6571782151636585
2.6571797137251147
2.657179719856858
2.6572869971084745
2.657287013930861
2.6572884545864883
2.657288474550784
2.657291136598808
2.6572911467036064
2.6586309833172357
2.658630988360261
2.6586314422670747
2.6586314560529725
2.6586330471977813
2.6586330489167356
2.659962340081634
2.659962351729928
2.659965043536072
2.659965044807616
2.659965499111747
2.659965500807176
2.6602191516153004
2.660219164244652
2.660219498781143
2.660219499414948
2.6602198122280827
2.660219814670265
2.660257691839149
2.6602577270557584
2.6602581086849724
2.6613398103370756
2.6613398647185433
2.661339923247714
2.66134000647617
2.661340836880532
2.661340851374275
2.6630692865509453
2.6630692898825488
2.6630716706464423
2.6630716819176947
2.663072581376419
2.663072602795227
2.664452125748982
2.664452135433653
2.6644524185734744
2.664452419982473
2.6644530074655024
2.664453016314593
2.6649038600164143
2.6649038854677745
2.664904192381157
2.66490420123892
2.664905068331767
2.664905070184232
2.664934741058217
2.664934744057478
2.6649353256497466
2.6649353552898307
2.664935734816284
2.664935787269813
2.666392951152741
2.666396149932594
2.6663961544154158
2.6664499846503986
2.6664499872330163
2.666450953072541
2.6664509623495234
2.666451020155818
2.6664510267002495
2.666850628015378
2.6668506560575325
2.6668513665340203
2.66685141079883
2.666852566308436
2.6668525763262934
2.66694156169523
2.6669415671545074
2.6669438785510886
2.6669439004322855
2.666944477038608
2.6669444884813855
2.6671172061245003
2.667117224185801
2.667117966491428
2.6671179917689116
2.6671183905646707
2.667118390917083
2.667851380368891
2.6678514049502886
2.6678520700543107
2.667852081994453
2.667855152229863
2.667855166263173
2.668009051325536
2.6680090728593973
2.668010091189828
2.668010103137268
2.668010336029718
2.6680103385006384
2.6692263112535692
2.669226319931182
2.669226587729218
2.6692266073476514
2.6692268605719955
2.669226864082144
2.6696251164793567
2.669625119773822
2.669627792520332
2.6696278155568254
2.6696282140330525
2.6696282325743947
2.6711584169204117
2.671158425987626
2.6711597988089144
2.6711598016066125
2.6711598709019144
2.6711599014018312
2.671183939272975
2.6711839469182412
2.671185008555478
2.67118502868028
2.6711859233307216
2.6711859584034583
2.6716946645898956
2.671694685228663
2.671694980165036
2.6716949848328166
2.67169562542916
2.6716956400004044
2.671695664129004
2.6716956755751817
2.6716959120503363
2.6716959335732984
2.6716962770665447
2.671696305364528
2.6722741826771363
2.6722742122721046
2.672274655621302
2.6722746575701173
2.6722758442165
2.6722758551507275
2.674510941928461
2.6745109756555197
2.674511578030647
2.6745115800891894
2.674511602936127
2.6745116150762547
2.6767935416005884
2.676793599498545
2.676794010584607
2.6767940681424784
2.676794766823473
2.6767947898716598
2.67809060705789
2.6780906156937907
2.678091246839365
2.678091248643871
2.6780919179016243
2.678091919623601
2.6806098481951506
2.6806098501682554
2.680612155326582
2.680612195934417
2.6806142494099476
2.6806142767015
2.681460412433925
2.681460422121247
2.681461300672891
2.6814613140563197
2.681463933811186
2.681463941264141
2.681813786884917
2.6818138033382115
2.6818152290478374
2.681815246817508
2.6818154845335265
2.6818154964424936
2.684031218766047
2.684031239790276
2.684033337092326
2.6840333575150064
2.6840345543641306
2.68403455867397
2.684561045294189
2.6845610708906587
2.6845612503357668
2.684561281761492
2.6845619596781867
2.684561997336677
2.6861034025763963
2.68610340961973
2.6861044506499603
2.6861044560384855
2.686104540189022
2.6861045533240135
2.6871321385177995
2.687132141679947
2.68713378031759
2.687133789211751
2.687134633042831
2.6871346417157578
2.687874010911631
2.6878740574311095
2.6878742958098987
2.6878743212910288
2.687875060884989
2.687875107463249
2.68847143367064
2.6884714444281346
2.688472028015853
2.688472035800938
2.6884722877269454
2.688472312406133
2.6885224605556357
2.688522465070469
2.6885227498772375
2.6885227593438277
2.6885234224187213
2.688523432369251
2.6895002170288898
2.6895002267832187
2.689501002484981
2.6895010106579447
2.6895015268043245
2.68950154826576
2.6895023345589686
2.689502362145399
2.6895023759991306
2.689502393314571
2.689502393888265
2.689502400365602
2.6898866583130165
2.689886682108631
2.689887326729916
2.689887330095441
2.689890326958983
2.6898903367392957
2.6914058404647156
2.6914058589409846
2.6914070342246306
2.6914070610417107
2.6914074546268556
2.6914074787865743
2.6934220798109574
2.6934221182520584
2.693422356052704
2.6934223870920895
2.693423028020469
2.6934230415844977
2.693423374730863
2.693423376713974
2.6934248795805478
2.6934248894673773
2.693424913379689
2.6934249521012976
2.6941360250471384
2.6941360360855557
2.6941374284629407
2.694137446608523
2.694138234243836
2.6941382354362124
2.7039770239728815
2.7039770488630017
2.7039775790596488
2.7039775810826203
2.703977840276263
2.703977843783496
2.706777086454636
2.706777088554853
2.7067779654127757
2.706777966651775
2.7067780256066243
2.706778037971609
2.7091442733428273
2.7091442752412807
2.7091455903105084
2.7091455986580333
2.7091476328294632
2.7091476433262094
2.7128862590783895
2.7128862667961795
2.7128866400103875
2.7128866465864823
2.7128874508786596
2.7128874543065065
2.7128877913877516
2.7128878143622637
2.7128880901960972
2.7128880902890056
2.712888106733347
2.712888107457801
2.714426088965439
2.7144260949158086
2.714426112829224
2.714426118712295
2.714426119294736
2.714426124783549
2.7144261415758995
2.714426142375226
2.7144262569085313
2.7144262770377683
2.7144262771429104
2.714426282230743
2.7144262891313695
2.714426294251885
2.7144263048438404
2.714426306553463
2.7144266677419115
2.714426699229399
2.7144267003630285
2.7144267100610935
2.7144267153780754
2.7144267250261778
2.7144267264672366
2.714426739262852
2.7147528891377646
2.714752894167455
2.714754037781675
2.7147540632444462
2.7147544761569544
2.7147544785446893
2.714847635073012
2.714847638929716
2.7148476770140135
2.7148476776118278
2.714847678827745
2.7148476846969922
2.7148655543400264
2.714865581629597
2.7148660647213925
2.714866065157139
2.7148667592838924
2.714866795634926
2.7148672937627634
2.71486731336703
2.7148675518276453
2.714867559743142
2.7148675708580026
2.7148675759136163
2.716042018388042
2.7160420800387817
2.7160426639473725
2.7160426772946407
2.716043893937263
2.7160439463342363
2.7160586570053633
2.716058731717607
2.716059567794718
2.7160596345007852
2.7160607634938967
2.7160608153819767
2.7174247622768037
2.7174247764224373
2.717424789474191
2.717424798138915
2.717425237626627
2.71742525528927
2.717425256722475
2.7174252710435023
2.7174263103673475
2.717426312775368
2.7174263346644065
2.7174263357796806
2.7174267782763923
2.7174267832746883
2.717426795062291
2.717426805760902
2.7174282316118754
2.7174282520433115
2.7174282526509552
2.7174282540771775
2.7174282559817518
2.717428264591438
2.7174282703490813
2.717428272988407
2.718763235722786
2.7187632699529543
2.7187635118541524
2.7187635225771887
2.7187662393906638
2.7187662915383615
2.7190847730539884
2.7190847809796366
2.719084782666748
2.719084785612
2.7190852627153164
2.719085276368934
2.719085276825417
2.7190852929510054
2.7190863459091212
2.7190863707094213
2.719086372664149
2.719086388037859
2.7190868442542397
2.7190868608061423
2.719086877304651
2.7190868939206694
2.719088473203579
2.7190884835898297
2.719088484687136
2.7190884928212196
2.7190885085753553
2.7190885156098825
2.719088516400001
2.719088517327194
2.721974086117715
2.721974086482428
2.7219740893689153
2.721974110913054
2.7219742402113827
2.721974272546754
2.7219742735765804
2.7219742787351113
2.721974636268474
2.721974660715077
2.721974669610249
2.721974681957771
2.724306870914028
2.7243072733526486
2.724307296790837
2.7245566760095885
2.7245566887451274
2.7245575043199493
2.724557573389487
2.7245591573277474
2.7245592022259526
2.7249644416629457
2.7249644585554362
2.724964890662795
2.7249649036286563
2.724965993286352
2.7249659944398794
2.724966431793103
2.724966441270897
2.7249678967197934
2.7249679211723845
2.7249679243433893
2.724967927670244
2.7255890639859843
2.7255890814442547
2.7255894748695795
2.7255894876745295
2.7255897808182112
2.725589812112899
2.7266198626884544
2.726619870025481
2.726620310237185
2.7266203363133825
2.7266214136522007
2.72662145394598
2.7266219062396737
2.7266219304164707
2.7266235434937083
2.726623557057156
2.7266235756731474
2.7266235792333235
2.7289757983846603
2.7289758223308027
2.728976701867078
2.7289767024397134
2.7289772650777873
2.7289772671301398
2.72980467489901
2.729804681996231
2.729805620954897
2.7298056649945734
2.729807744613539
2.729807752231034
2.730010453843966
2.7300104763854347
2.7300123255038486
2.730012347938326
2.7300134289208375
2.730013439677862
2.7430974590971013
2.7430974729195263
2.7430974786899722
2.7430974920193276
2.743098423106158
2.7430984459128487
2.7430984461345997
2.743098448968623
2.743098450675943
2.743098456214066
2.7430984665840223
2.7430984752350853
2.74572475687737
2.7457247920599777
2.745726292522417
2.745726300862005
2.7457269939090962
2.7457270088456665
2.745761768637286
2.745761788045494
2.7457627465123777
2.745762781850137
2.745762793551163
2.745762796587342
2.7460656352737445
2.7460656712953564
2.7460656803151444
2.746065702845302
2.7460672009518716
2.746067208850639
2.7460672166114275
2.74606722510421
2.746068199346875
2.746068202697053
2.7460682064885815
2.746068215432246
2.7477083700398506
2.7477083984410946
2.747708420853942
2.7477084308304103
2.747709952329497
2.7477099580939552
2.7477099734730377
2.7477099838722157
2.747711128980231
2.7477111354223
2.7477111459980037
2.7477111593043833
2.7487271213023896
2.748727145638379
2.7487286453781272
2.7487286628525704
2.748729636378599
2.7487296376459462
2.7503682296776897
2.750368288662384
2.750369835729274
2.7503698396972327
2.7503709767338407
2.750370992835547
2.752817048975594
2.7528171065847795
2.7528178873423226
2.7528179185314587
2.752818387345139
2.752818393191138
2.7703480389614374
2.770348040912478
2.7703480430139398
2.7703480921648045
2.7703483352771663
2.7703483377154416
2.770348338482504
2.7703483443412993
2.7703483475762076
2.770348348980262
2.7703483541219573
2.7703483568252647
2.7703483578427988
2.7703483588783326
2.7703483730558407
2.7703483772043067
2.7703495214634613
2.7703495337651516
2.770349533851038
2.7703495349563645
2.770349841702923
2.770349846752137
2.770349848531348
2.7703498561269724
2.771978328825225
2.7719783850062405
2.7719789737345457
2.7719790036840934
2.7719791396439333
2.771979151662387
2.772222566424575
2.7722225730459322
2.7722229958099587
2.7722230396461254
2.7722253368489733
2.7722253516518465
2.7768741290072754
2.7768750583359876
2.7768750594238645
2.791194924936402
2.791194930627027
2.7911949308692705
2.791194959792666
2.7911949608664033
2.7911949662928417
2.791194972246768
2.791194991195582
2.7911952728179044
2.791195277592248
2.7911952848473223
2.7911952864951752
2.791195286665406
2.791195294294242
2.7911952955120802
2.791195307947508
2.7911967223550485
2.791196723560187
2.7911967245138354
2.7911967248965373
2.7911967461692937
2.791196748115115
2.7911967503442194
2.7911967552074026
2.8054724081787996
2.8054724243183684
2.8054734984775904
2.805473509434036
2.8054738658871443
2.8054738941759574
2.806883408580505
2.806883418656818
2.8068856520917653
2.806885685055774
2.8068858560537984
2.8068858850803426
2.810526138779161
2.810526180431939
2.8105269003344593
2.8105269371689166
2.8105273798430006
2.810527387202087
2.8111776758148372
2.8111776905196675
2.8111779643763506
2.838039665316379
2.8380397060844786
2.8380405751123834
2.8380406250310948
2.83804123591057
2.83804125444507
2.839087179402473
2.8390871849759267
2.839087191436531
2.8390871917545737
2.839088285521721
2.839088300427925
2.839371089678928
2.8393711266329094
2.8393718232732734
2.8393718579908316
2.8393721528335574
2.8393721771327685
2.8410225148319768
2.841022544716602
2.8410233832052167
2.8410234050988414
2.841024417432531
2.841024443683582
2.911796129422818
2.91179906271315
2.911799068786734
2.9286590914392696
2.9286590975223494
2.9286596837014884
2.929145474247871
2.929145495133542
2.9291466762482545
2.929146685960352
2.929146971662272
2.929146995028006
2.9639943179388952
2.9639943269810196
2.9639951430639
2.963995154765497
2.9639956693268443
2.9639956758118937
2.964844192502543
2.96484421750013
2.9648454906428943
2.9648455392202906
2.9648462529670594
2.9648462927404404
2.9918708870668915
2.9918709131398495
2.991870938510706
2.991870969714852
2.9918711462952046
2.9918711935465643
2.9937332645470165
2.9937332905747915
2.9937346871638866
2.99373472422837
2.9937351096918863
2.9937351621670354
3.03511194916058
3.038381719655031
3.0383817759071268
3.03838266156602
3.0383827084455315
3.0383839487250293
3.038383995597454
3.047780814109507
3.047780846884028
3.047781164221496
3.04778123316101
3.047783599486963
3.047783656839067
3.0485685332312795
3.048568557831289
3.0485702237207617
3.048570237595883
3.048572024699463
3.0485720594258536
3.050538520588624
3.0505385577652118
3.050540948274212
3.0505409912324466
3.050542007109385
3.050542043871331
3.062020427134237
3.062020441617056
3.0620215326505007
3.0620215506225232
3.062022160225188
3.062022166087633
3.087400823087493
3.0874008398414228
3.087401696383268
3.087401698795525
3.0874039013459056
3.087403921440549
3.0883958923609134
3.0883959018738327
3.088395908090067
3.0883959355797925
3.0883980614877564
3.0883980810479166
3.2574867529918317
3.257487724187273
3.257487740849974
3.2625001155736446
3.2625001440462933
3.262503836884746
